1.108124239382370924e+01 3.360713612658823024e+01 3.411534213522649139e+01 4.003258055205990473e+01
9.097548178455234336e+00 1.716671037654490917e+01 1.347413596041574557e+01 3.825970650866381106e+01
4.247800744203274803e+01 5.520991787504231141e+00 9.081385231571148520e-01 1.618971162399487795e+01
9.761138068575691662e+00 4.625967685538472551e+01 3.671340036105527815e+01 4.239398822530063171e+01
1.406046663504689764e+00 1.967347854520121331e+01 2.459449074438457217e+01 1.143613895992736573e+01
3.570017968011578091e+01 3.457947661363839842e+01 4.140665682117129620e+01 3.576715530314069014e+01
4.043705640297795867e+01 4.415765080436530354e+01 1.589727780613902119e+01 6.074036538206984304e+00
3.769365049356520103e+01 3.436407237745110876e+01 3.864657626800454437e+01 6.337984940304918879e+00
4.083175017657039518e+01 2.285819499207319438e+01 3.051677465932543498e+01 1.581442460283419749e+01
4.568387495792438813e+01 1.003897270915826745e+01 3.274183625682270105e+01 1.515821799149352245e+01
1.842343929910922329e+00 3.881070407332054373e+01 5.283713459895311715e-01 4.058529519842621625e+01
1.146790722853138789e+01 3.405808220443644529e+01 4.639127848962956335e+01 9.780613484662719515e+00
1.236277597750885526e+01 4.085396465222320472e+01 1.999187513389396997e+01 2.568224481150864591e+01
2.276372119303385233e+01 2.967595049542380181e+01 3.143874875602495322e+01 2.800999516866027861e+01
8.066152069881344033e+00 3.746658704807487084e+00 2.984789889090935233e+01 2.516190664262602894e+01
7.800975962229345306e+00 4.698740974210517152e+01 1.148850403436676970e+01 7.678990090802090052e+00
2.036162487942392829e+01 1.050907555816920613e+01 4.288610045520780290e+01 3.734588801734795016e+00
2.402324924939072304e+01 9.843481272868897847e+00 4.614296461999094845e+01 3.903891377837873478e+01
2.724638874631600416e+01 1.226115590509143694e+01 3.044743026345536840e+00 4.919413883087862871e+01
1.329089688568596550e-01 1.702605753452962745e+01 3.630024125504188959e+01 3.707160894019406960e+00
1.055858476084310915e+01 4.529619558501668308e+01 1.137909574293930959e+01 1.776174544882628936e+01
1.634728344569510483e+01 6.503223763843313243e+00 1.477695930876821162e+00 2.150730402233500627e+01
1.633588405109748720e+01 3.449514107322622891e+01 4.551167375694716100e+01 9.420717939634337679e-01
2.120505892335158293e+01 2.548771184569254000e-01 3.416460875397140740e+01 4.893949979978007292e+00
4.753014697464724492e+01 4.263831244445251656e+01 4.652171613969385078e+01 6.187056167748094637e+00
2.493797618134846239e+00 2.114315482551307213e+01 3.820553673161478514e+01 1.050905495765639941e+01
4.819681696316227715e+01 1.274533460090444592e+01 4.843508527388081575e+01 9.010178974451044098e+00
2.716994553017014269e+01 2.752191719014706450e+01 1.855868594259446613e+00 1.930101742407561005e+01
1.446439119327600409e+01 2.299825546684640543e+01 8.602077336878421576e+00 2.101577769596590706e+00
2.714472229484017163e+01 3.255058574684692019e+01 5.213019463724172020e+00 3.212928262011124048e+01
2.807999349453605475e+01 4.190214586448300338e+01 1.683127050384442924e+01 4.292279292349191877e+01
2.111958239095348233e+01 4.614833581453811462e+01 2.571629698006249853e+01 3.773079082274124119e+01
3.961470131301922493e+01 1.880331216150678486e+01 3.778314496477194240e+01 3.427225648309708816e+01
7.954394359809080939e+00 1.117261277647265061e+01 4.861233010593026194e+01 1.690832046850048798e+01
4.886217975287380710e+01 3.656593380381207226e+01 4.306883404979588192e+01 4.642239015430654092e+01
3.041865027578192837e+01 4.997467121138552670e+01 2.139616195767074558e+01 3.693148228034728220e+01
2.457874722012443058e+00 3.033838210900958643e+01 1.451944109624304069e+01 3.086428052648297182e+01
2.646407798044300819e+01 1.263456951949159546e+01 1.639824481858182637e+01 1.774605411422214374e+01
1.125444946313329275e+01 1.258610468052380682e+01 1.373600433450329383e+01 1.014343502078870962e+01
2.934501561746006359e+01 1.808398550976317409e+01 6.204881004350010443e+00 4.483838084398970381e+01
9.489927053802083012e-01 1.296623817094715925e+01 7.706659090761746711e+00 2.587464796392156430e+01
3.285020043410624879e+01 4.901077542254149932e+01 4.624297017510824048e+01 2.883986760211275069e+01
3.363041242072226567e+01 2.129493062173876794e+01 1.824380868745808115e+01 4.152285728861468783e+01
3.241195544215104007e+01 3.447382548194240570e+01 2.980967604448468933e+01 7.970816485688669850e+00
1.229112685107779868e+01 3.838761000388070954e+01 4.096200390487525489e-01 2.021802403390345404e+01
1.922674109517593166e+01 1.873030015169578277e+01 1.771679921756549447e+01 1.302730187411892437e+01
3.339818781104524703e+01 2.902755369923880480e+01 3.822546601138659383e+01 9.775074059495159062e+00
4.907946243767018046e+01 2.444031641041845404e+01 2.433907863472916233e+01 2.031944334165924904e+00
3.072570091278318216e+01 1.695252585903564935e+01 2.362178798760929865e+01 1.867884743090791488e+01
3.449097704903496009e+01 3.916678088489354082e+01 7.779776393974291437e+00 1.541558434191115978e+01
2.684193812422092762e+01 3.062968668664476368e+01 2.603085604238368234e+01 4.800614879069954100e+01
6.679665188977468304e+00 4.135000341204019492e+01 2.837491716353216376e+01 2.542156717866379978e+01
2.248289437068202190e+01 4.208408746362253794e+01 1.948957759677425372e+01 4.391449541655207156e+01
1.323569112945320825e+01 4.753886079511242713e+01 1.407188919368925184e+01 2.695282764652675667e+01
1.348447936294988603e+00 2.793795392918476495e+01 3.206975438662696121e+01 4.974510341241897038e+01
2.726599745595890312e+01 1.387987862932278915e+01 2.670837562794533682e+01 2.992899739044842988e+01
4.420980100732191431e+01 4.533639305969332156e+01 4.768971230727789390e+01 3.634468515988060489e+01
2.920808115377314707e+01 3.432137233982009406e+01 4.980711138804884541e+01 2.618923657221092682e+01
2.776544770204056434e+01 4.548655391980454965e+01 6.523689976087138298e+00 4.190178545999933135e+01
3.929171210233105427e+01 1.488161802062631978e+01 2.546482113133004077e+01 2.512452398430925626e+01
3.303333005273002954e+01 4.646446151485854870e+01 1.027494232435641663e+01 1.733413407916569682e+01
8.002745262684967997e+00 1.929118121594134294e+01 5.316830933704774775e-01 2.868214442330453551e+01
2.016175910533044657e+01 1.877023331635576042e+01 9.810221036031895991e+00 1.380446973734853522e+01
3.734357557243650483e+00 2.104013939130549105e+01 2.244337965752130071e-01 1.214844671600543968e+01
2.231086792306700062e+01 6.151869696535694487e-03 1.783085038594709459e+01 3.777938493179816781e+00
2.507545294990804052e+01 4.762900509639126767e+01 2.188570967326571193e+01 4.907589149025298525e+01
4.489894991281940406e+01 2.130165584347643204e+01 2.707669517146409532e+01 6.356325607913726472e+00
1.025065431830998186e+01 1.452230997485235520e+01 3.424050494632383845e+01 1.652292913005553032e+01
1.667141612163003828e+01 3.501259026374960115e+01 1.644372079411620291e+01 3.157112207015170924e+01
2.183504574083065464e+01 3.437096184680840594e+01 1.450443107675537036e+01 3.905860713583272315e+01
2.269180033119787154e+01 4.290939316801294012e+01 6.144372500049883001e+00 9.986392674479260823e-01
2.227962878617898568e+01 7.610433010009959531e+00 2.134292544949345505e-01 2.019299598297725851e+01
3.210142928225523384e+00 3.866739912546920976e+01 1.959631250283704773e+01 4.314527848711746572e+01
2.628107226435166588e+00 2.618937047886495861e+01 4.635707677866819409e+01 3.063835562807829405e+01
4.597899672132034965e+01 3.455896715191580704e+00 4.683620538279193823e+01 2.482134394820458212e+01
3.907951906652840535e+01 1.557558537889421935e+01 2.064865878739981397e+01 3.616922070516803700e+00
3.176199200671945277e+01 3.427888611860948487e+01 2.716821103525425940e+01 4.952619143078227637e+01
2.823240116294503821e+01 4.086878303555684511e+01 1.885482519636572096e+00 4.038457803724532447e+00
4.039381817661537610e+01 4.565608650369465238e+01 3.490069364250513217e+01 2.047409763550078665e+01
4.769947767123102977e+01 3.901010951231802437e+01 3.442309191966506887e+01 3.232326098528833569e+01
1.394118478289821894e+01 3.169707957235185347e+01 2.196967016209371693e+01 3.269393437479672926e+00
1.441786332144934235e+00 4.159028161096257037e+01 4.316224703998275913e+01 3.428660219426252809e+01
3.575071609301066822e+00 2.020865219992828798e+01 1.286061775946602026e+01 4.900153683720582620e+01
2.804989171709620521e+01 6.760151730168511897e+00 3.262547725227663875e+01 3.179784863863460842e+01
4.696788600807403213e+01 2.308424660958307584e+01 3.123750556397089539e+01 4.121442300413626469e+01
4.399642801249964918e+01 2.450688827274857928e+01 3.021497417630319759e+00 2.830144736879536893e+01
3.905024787801286834e+01 3.943411168150693413e+01 4.751988210373853150e+01 1.423423049858967815e+01
1.882901791806660441e+01 6.496376142359894246e+00 4.983703188776929238e+01 1.744599344113499839e+01
1.633647878212535787e+01 4.036477515898492641e+01 6.742306282860704769e+00 1.220747807053925094e+01
3.286929162882112365e+01 2.887632182924937396e+00 4.774791102916660890e+01 1.698587521160466096e+01
3.484164941865503806e+01 4.973765810870648352e+01 6.177240246755866693e+00 1.534663050154638775e+01
3.598773839498710458e+01 3.739760976221606370e+01 2.185795149562901329e+01 4.786110943597143574e+01
3.551771392065028454e+00 2.994014799841433572e+01 4.335117862808105826e+01 1.375959204037217098e+01
1.863010142293342053e+00 2.175851897506560917e+01 1.973330526557142051e+01 3.678007582431377642e+01
8.425490624491638769e+00 2.021724539682145938e+00 1.161083149664862191e+01 3.131905759664455058e+00
3.007424892130328686e+01 2.269764382744048348e+01 2.421927366951402405e+01 4.801277396701715361e+01
4.259785159466956372e+01 2.303685926794699768e+01 3.692670129469072293e+01 5.742267043398324944e+00
1.612176072573534569e+00 3.579764068974989044e+01 5.248279581451536835e+00 4.526743277631718598e+01
4.542783107540670784e+01 1.690193838971805107e+01 2.045866154353659283e+01 2.605699435320664037e+01
3.824616500264298224e+01 9.437424570720430950e+00 2.866418811057191007e+01 4.327063169271750098e+01
